{
 "cells": [
  {
   "cell_type": "code",
   "execution_count": 15,
   "id": "1c1cd844",
   "metadata": {},
   "outputs": [],
   "source": [
    "import joblib\n",
    "from pathlib import Path\n",
    "\n",
    "import numpy as np\n",
    "import matplotlib.pyplot as plt\n",
    "import cv2\n",
    "\n",
    "import torch\n",
    "from pytorch3d.transforms import matrix_to_axis_angle\n",
    "\n",
    "import ipywidgets as widgets\n",
    "from IPython.display import display\n",
    "\n",
    "from pycocotools import mask as mask_utils"
   ]
  },
  {
   "cell_type": "code",
   "execution_count": 2,
   "id": "b79637b4",
   "metadata": {},
   "outputs": [],
   "source": [
    "path_to_results = \"/scratch/izar/cizinsky/thesis/output/modric_vs_ribberi/phalp_v2/results/demo_images.pkl\"\n",
    "phalp_res = joblib.load(path_to_results)"
   ]
  },
  {
   "cell_type": "code",
   "execution_count": 3,
   "id": "2e864f95",
   "metadata": {},
   "outputs": [
    {
     "data": {
      "text/plain": [
       "[1, 2, 5]"
      ]
     },
     "execution_count": 3,
     "metadata": {},
     "output_type": "execute_result"
    }
   ],
   "source": [
    "# Get all trakced_ids\n",
    "tracked_ids = []\n",
    "for v in phalp_res.values():\n",
    "    tracked_ids.extend(v['tracked_ids'])\n",
    "tracked_ids = list(set(tracked_ids))\n",
    "tracked_ids"
   ]
  },
  {
   "cell_type": "code",
   "execution_count": 4,
   "id": "a98efee0",
   "metadata": {},
   "outputs": [
    {
     "name": "stdout",
     "output_type": "stream",
     "text": [
      "/scratch/izar/cizinsky/thesis/output/modric_vs_ribberi/preprocess/images/frame_00000.jpg\n",
      "/scratch/izar/cizinsky/thesis/output/modric_vs_ribberi/preprocess/images/frame_00001.jpg\n",
      "/scratch/izar/cizinsky/thesis/output/modric_vs_ribberi/preprocess/images/frame_00002.jpg\n",
      "/scratch/izar/cizinsky/thesis/output/modric_vs_ribberi/preprocess/images/frame_00003.jpg\n",
      "/scratch/izar/cizinsky/thesis/output/modric_vs_ribberi/preprocess/images/frame_00004.jpg\n",
      "/scratch/izar/cizinsky/thesis/output/modric_vs_ribberi/preprocess/images/frame_00005.jpg\n",
      "/scratch/izar/cizinsky/thesis/output/modric_vs_ribberi/preprocess/images/frame_00006.jpg\n",
      "/scratch/izar/cizinsky/thesis/output/modric_vs_ribberi/preprocess/images/frame_00007.jpg\n",
      "/scratch/izar/cizinsky/thesis/output/modric_vs_ribberi/preprocess/images/frame_00008.jpg\n",
      "/scratch/izar/cizinsky/thesis/output/modric_vs_ribberi/preprocess/images/frame_00009.jpg\n",
      "/scratch/izar/cizinsky/thesis/output/modric_vs_ribberi/preprocess/images/frame_00010.jpg\n",
      "/scratch/izar/cizinsky/thesis/output/modric_vs_ribberi/preprocess/images/frame_00011.jpg\n",
      "/scratch/izar/cizinsky/thesis/output/modric_vs_ribberi/preprocess/images/frame_00012.jpg\n",
      "/scratch/izar/cizinsky/thesis/output/modric_vs_ribberi/preprocess/images/frame_00013.jpg\n",
      "/scratch/izar/cizinsky/thesis/output/modric_vs_ribberi/preprocess/images/frame_00014.jpg\n",
      "/scratch/izar/cizinsky/thesis/output/modric_vs_ribberi/preprocess/images/frame_00015.jpg\n",
      "/scratch/izar/cizinsky/thesis/output/modric_vs_ribberi/preprocess/images/frame_00016.jpg\n",
      "/scratch/izar/cizinsky/thesis/output/modric_vs_ribberi/preprocess/images/frame_00017.jpg\n",
      "/scratch/izar/cizinsky/thesis/output/modric_vs_ribberi/preprocess/images/frame_00018.jpg\n",
      "/scratch/izar/cizinsky/thesis/output/modric_vs_ribberi/preprocess/images/frame_00019.jpg\n",
      "/scratch/izar/cizinsky/thesis/output/modric_vs_ribberi/preprocess/images/frame_00020.jpg\n",
      "/scratch/izar/cizinsky/thesis/output/modric_vs_ribberi/preprocess/images/frame_00021.jpg\n",
      "/scratch/izar/cizinsky/thesis/output/modric_vs_ribberi/preprocess/images/frame_00022.jpg\n",
      "/scratch/izar/cizinsky/thesis/output/modric_vs_ribberi/preprocess/images/frame_00023.jpg\n",
      "/scratch/izar/cizinsky/thesis/output/modric_vs_ribberi/preprocess/images/frame_00024.jpg\n",
      "/scratch/izar/cizinsky/thesis/output/modric_vs_ribberi/preprocess/images/frame_00025.jpg\n",
      "/scratch/izar/cizinsky/thesis/output/modric_vs_ribberi/preprocess/images/frame_00026.jpg\n",
      "/scratch/izar/cizinsky/thesis/output/modric_vs_ribberi/preprocess/images/frame_00027.jpg\n",
      "/scratch/izar/cizinsky/thesis/output/modric_vs_ribberi/preprocess/images/frame_00028.jpg\n",
      "/scratch/izar/cizinsky/thesis/output/modric_vs_ribberi/preprocess/images/frame_00029.jpg\n",
      "/scratch/izar/cizinsky/thesis/output/modric_vs_ribberi/preprocess/images/frame_00030.jpg\n",
      "/scratch/izar/cizinsky/thesis/output/modric_vs_ribberi/preprocess/images/frame_00031.jpg\n",
      "/scratch/izar/cizinsky/thesis/output/modric_vs_ribberi/preprocess/images/frame_00032.jpg\n",
      "/scratch/izar/cizinsky/thesis/output/modric_vs_ribberi/preprocess/images/frame_00033.jpg\n",
      "/scratch/izar/cizinsky/thesis/output/modric_vs_ribberi/preprocess/images/frame_00034.jpg\n",
      "/scratch/izar/cizinsky/thesis/output/modric_vs_ribberi/preprocess/images/frame_00035.jpg\n",
      "/scratch/izar/cizinsky/thesis/output/modric_vs_ribberi/preprocess/images/frame_00036.jpg\n",
      "/scratch/izar/cizinsky/thesis/output/modric_vs_ribberi/preprocess/images/frame_00037.jpg\n",
      "/scratch/izar/cizinsky/thesis/output/modric_vs_ribberi/preprocess/images/frame_00038.jpg\n",
      "/scratch/izar/cizinsky/thesis/output/modric_vs_ribberi/preprocess/images/frame_00039.jpg\n",
      "/scratch/izar/cizinsky/thesis/output/modric_vs_ribberi/preprocess/images/frame_00040.jpg\n",
      "/scratch/izar/cizinsky/thesis/output/modric_vs_ribberi/preprocess/images/frame_00041.jpg\n",
      "/scratch/izar/cizinsky/thesis/output/modric_vs_ribberi/preprocess/images/frame_00042.jpg\n",
      "/scratch/izar/cizinsky/thesis/output/modric_vs_ribberi/preprocess/images/frame_00043.jpg\n",
      "/scratch/izar/cizinsky/thesis/output/modric_vs_ribberi/preprocess/images/frame_00044.jpg\n",
      "/scratch/izar/cizinsky/thesis/output/modric_vs_ribberi/preprocess/images/frame_00045.jpg\n",
      "/scratch/izar/cizinsky/thesis/output/modric_vs_ribberi/preprocess/images/frame_00046.jpg\n",
      "/scratch/izar/cizinsky/thesis/output/modric_vs_ribberi/preprocess/images/frame_00047.jpg\n",
      "/scratch/izar/cizinsky/thesis/output/modric_vs_ribberi/preprocess/images/frame_00048.jpg\n",
      "/scratch/izar/cizinsky/thesis/output/modric_vs_ribberi/preprocess/images/frame_00049.jpg\n",
      "/scratch/izar/cizinsky/thesis/output/modric_vs_ribberi/preprocess/images/frame_00050.jpg\n",
      "/scratch/izar/cizinsky/thesis/output/modric_vs_ribberi/preprocess/images/frame_00051.jpg\n",
      "/scratch/izar/cizinsky/thesis/output/modric_vs_ribberi/preprocess/images/frame_00052.jpg\n",
      "/scratch/izar/cizinsky/thesis/output/modric_vs_ribberi/preprocess/images/frame_00053.jpg\n",
      "/scratch/izar/cizinsky/thesis/output/modric_vs_ribberi/preprocess/images/frame_00054.jpg\n",
      "/scratch/izar/cizinsky/thesis/output/modric_vs_ribberi/preprocess/images/frame_00055.jpg\n",
      "/scratch/izar/cizinsky/thesis/output/modric_vs_ribberi/preprocess/images/frame_00056.jpg\n",
      "/scratch/izar/cizinsky/thesis/output/modric_vs_ribberi/preprocess/images/frame_00057.jpg\n",
      "/scratch/izar/cizinsky/thesis/output/modric_vs_ribberi/preprocess/images/frame_00058.jpg\n",
      "/scratch/izar/cizinsky/thesis/output/modric_vs_ribberi/preprocess/images/frame_00059.jpg\n",
      "/scratch/izar/cizinsky/thesis/output/modric_vs_ribberi/preprocess/images/frame_00060.jpg\n",
      "/scratch/izar/cizinsky/thesis/output/modric_vs_ribberi/preprocess/images/frame_00061.jpg\n",
      "/scratch/izar/cizinsky/thesis/output/modric_vs_ribberi/preprocess/images/frame_00062.jpg\n",
      "/scratch/izar/cizinsky/thesis/output/modric_vs_ribberi/preprocess/images/frame_00063.jpg\n",
      "/scratch/izar/cizinsky/thesis/output/modric_vs_ribberi/preprocess/images/frame_00064.jpg\n",
      "/scratch/izar/cizinsky/thesis/output/modric_vs_ribberi/preprocess/images/frame_00065.jpg\n",
      "/scratch/izar/cizinsky/thesis/output/modric_vs_ribberi/preprocess/images/frame_00066.jpg\n",
      "/scratch/izar/cizinsky/thesis/output/modric_vs_ribberi/preprocess/images/frame_00067.jpg\n",
      "/scratch/izar/cizinsky/thesis/output/modric_vs_ribberi/preprocess/images/frame_00068.jpg\n",
      "/scratch/izar/cizinsky/thesis/output/modric_vs_ribberi/preprocess/images/frame_00069.jpg\n",
      "/scratch/izar/cizinsky/thesis/output/modric_vs_ribberi/preprocess/images/frame_00070.jpg\n",
      "/scratch/izar/cizinsky/thesis/output/modric_vs_ribberi/preprocess/images/frame_00071.jpg\n",
      "/scratch/izar/cizinsky/thesis/output/modric_vs_ribberi/preprocess/images/frame_00072.jpg\n",
      "/scratch/izar/cizinsky/thesis/output/modric_vs_ribberi/preprocess/images/frame_00073.jpg\n",
      "/scratch/izar/cizinsky/thesis/output/modric_vs_ribberi/preprocess/images/frame_00074.jpg\n",
      "/scratch/izar/cizinsky/thesis/output/modric_vs_ribberi/preprocess/images/frame_00075.jpg\n",
      "/scratch/izar/cizinsky/thesis/output/modric_vs_ribberi/preprocess/images/frame_00076.jpg\n",
      "/scratch/izar/cizinsky/thesis/output/modric_vs_ribberi/preprocess/images/frame_00077.jpg\n",
      "/scratch/izar/cizinsky/thesis/output/modric_vs_ribberi/preprocess/images/frame_00078.jpg\n",
      "/scratch/izar/cizinsky/thesis/output/modric_vs_ribberi/preprocess/images/frame_00079.jpg\n",
      "/scratch/izar/cizinsky/thesis/output/modric_vs_ribberi/preprocess/images/frame_00080.jpg\n",
      "/scratch/izar/cizinsky/thesis/output/modric_vs_ribberi/preprocess/images/frame_00081.jpg\n",
      "/scratch/izar/cizinsky/thesis/output/modric_vs_ribberi/preprocess/images/frame_00082.jpg\n",
      "/scratch/izar/cizinsky/thesis/output/modric_vs_ribberi/preprocess/images/frame_00083.jpg\n",
      "/scratch/izar/cizinsky/thesis/output/modric_vs_ribberi/preprocess/images/frame_00084.jpg\n",
      "/scratch/izar/cizinsky/thesis/output/modric_vs_ribberi/preprocess/images/frame_00085.jpg\n",
      "/scratch/izar/cizinsky/thesis/output/modric_vs_ribberi/preprocess/images/frame_00086.jpg\n"
     ]
    }
   ],
   "source": [
    "for k in phalp_res.keys():\n",
    "    print(k)"
   ]
  },
  {
   "cell_type": "code",
   "execution_count": 5,
   "id": "15067dd4",
   "metadata": {},
   "outputs": [],
   "source": [
    "extract_id = lambda name: int(name.split(\"_\")[1].split(\".\")[0])"
   ]
  },
  {
   "cell_type": "code",
   "execution_count": 6,
   "id": "64c0d5d8",
   "metadata": {},
   "outputs": [
    {
     "data": {
      "text/plain": [
       "0"
      ]
     },
     "execution_count": 6,
     "metadata": {},
     "output_type": "execute_result"
    }
   ],
   "source": [
    "keys = list(phalp_res.keys())\n",
    "path = Path(keys[0])\n",
    "extract_id(path.name)"
   ]
  },
  {
   "cell_type": "code",
   "execution_count": 7,
   "id": "08f760ac",
   "metadata": {},
   "outputs": [
    {
     "data": {
      "text/plain": [
       "{'time': 86,\n",
       " 'shot': 0,\n",
       " 'frame_path': '/scratch/izar/cizinsky/thesis/output/modric_vs_ribberi/preprocess/images/frame_00086.jpg',\n",
       " 'tracked_ids': [1, 2, 5],\n",
       " 'tracked_bbox': [array([560.5912  ,  51.498013, 304.42212 , 598.1648  ], dtype=float32),\n",
       "  array([1101.1768 ,  102.24281,  178.73547,  416.5526 ], dtype=float32),\n",
       "  array([  1.3556576, 178.2539   , 232.4225   , 459.16656  ], dtype=float32)],\n",
       " 'tid': [1, 2, 5],\n",
       " 'bbox': [array([560.5912  ,  51.498013, 304.42212 , 598.1648  ], dtype=float32),\n",
       "  array([1101.1768 ,  102.24281,  178.73547,  416.5526 ], dtype=float32),\n",
       "  array([  1.3556576, 178.2539   , 232.4225   , 459.16656  ], dtype=float32)],\n",
       " 'tracked_time': [0, 0, 0],\n",
       " 'appe': [array([ 6.9077263,  8.65995  ,  9.134255 , ...,  9.289854 , 11.6039505,\n",
       "          7.90132  ], shape=(4096,), dtype=float32),\n",
       "  array([ 5.657496,  7.907972,  9.922656, ..., 10.112618, 11.332506,\n",
       "          6.805666], shape=(4096,), dtype=float32),\n",
       "  array([ 6.290752 ,  6.295789 ,  6.2599373, ..., 11.698735 ,  9.394034 ,\n",
       "          8.43517  ], shape=(4096,), dtype=float32)],\n",
       " 'loca': [array([ 0.5384495 ,  0.3093872 ,  0.5544501 ,  0.3328679 ,  0.5013105 ,\n",
       "          0.34633744,  0.45670453,  0.38698143,  0.4517244 ,  0.4060799 ,\n",
       "          0.6078519 ,  0.35419518,  0.64305747,  0.38904047,  0.6583008 ,\n",
       "          0.4541616 ,  0.56365794,  0.47772542,  0.55236137,  0.50706685,\n",
       "          0.5791127 ,  0.6172882 ,  0.63164175,  0.6365702 ,  0.5875924 ,\n",
       "          0.49994883,  0.60696375,  0.56278265,  0.6189698 ,  0.68021476,\n",
       "          0.53229433,  0.29606473,  0.550456  ,  0.29557776,  0.53186667,\n",
       "          0.29647067,  0.5728351 ,  0.29542327,  0.62319463,  0.6989957 ,\n",
       "          0.6430798 ,  0.6989165 ,  0.619713  ,  0.69127536,  0.64308226,\n",
       "          0.6898972 ,  0.62455577,  0.68552095,  0.6347825 ,  0.62802714,\n",
       "          0.61753345,  0.6277648 ,  0.5734744 ,  0.6014792 ,  0.5224787 ,\n",
       "          0.4760053 ,  0.60208446,  0.4635595 ,  0.60800993,  0.5536066 ,\n",
       "          0.6202984 ,  0.67073464,  0.4608841 ,  0.3994138 ,  0.4527548 ,\n",
       "          0.3780586 ,  0.5107262 ,  0.34085497,  0.59874094,  0.34481186,\n",
       "          0.6499427 ,  0.38529226,  0.656927  ,  0.4473235 ,  0.55576086,\n",
       "          0.3322079 ,  0.5499022 ,  0.28127658,  0.5624164 ,  0.4699889 ,\n",
       "          0.5549112 ,  0.34444612,  0.5536758 ,  0.3952151 ,  0.5497712 ,\n",
       "          0.3141384 ,  0.5490792 ,  0.27506125,  0.5647346 ,  0.5487335 ,\n",
       "          0.22153498,  0.166776  , 66.83996   ,  0.22153498,  0.166776  ,\n",
       "         66.83996   ,  0.22153498,  0.166776  , 66.83996   ], dtype=float32),\n",
       "  array([ 0.9870466 ,  0.3457662 ,  0.9918204 ,  0.37426475,  0.9542779 ,\n",
       "          0.38312447,  0.88414943,  0.4029246 ,  0.87946004,  0.36061156,\n",
       "          0.99319804,  0.39619666,  0.9199495 ,  0.4084933 ,  0.88947546,\n",
       "          0.35466784,  0.9863714 ,  0.51608914,  0.9742112 ,  0.54325426,\n",
       "          0.9913991 ,  0.6523346 ,  1.0413973 ,  0.7492747 ,  1.0064937 ,\n",
       "          0.5396808 ,  1.0111644 ,  0.647136  ,  1.0230322 ,  0.7486068 ,\n",
       "          0.98201305,  0.33186817,  1.0000365 ,  0.335861  ,  0.9754545 ,\n",
       "          0.33126783,  1.0146475 ,  0.3397087 ,  1.0122466 ,  0.7870372 ,\n",
       "          1.0337647 ,  0.7832869 ,  1.0301795 ,  0.7505334 ,  1.0252504 ,\n",
       "          0.7814953 ,  1.0129948 ,  0.7820143 ,  1.0509359 ,  0.7556179 ,\n",
       "          1.0333655 ,  0.7345089 ,  0.9872947 ,  0.6339575 ,  0.95226467,\n",
       "          0.51211345,  1.0233332 ,  0.5076986 ,  1.0134864 ,  0.6348262 ,\n",
       "          1.026516  ,  0.7365971 ,  0.8889721 ,  0.36107257,  0.8873011 ,\n",
       "          0.39182138,  0.96132874,  0.3784606 ,  0.99969614,  0.3898841 ,\n",
       "          0.9250711 ,  0.39763796,  0.8945931 ,  0.35322693,  0.9896798 ,\n",
       "          0.37372962,  0.99828804,  0.32173175,  0.9877799 ,  0.50978184,\n",
       "          0.9806108 ,  0.3857478 ,  0.9837167 ,  0.4397217 ,  0.99133384,\n",
       "          0.3522722 ,  0.99890244,  0.3162274 ,  0.987046  ,  0.57854694,\n",
       "          1.7334836 ,  0.2795626 , 69.515205  ,  1.7334836 ,  0.2795626 ,\n",
       "         69.515205  ,  1.7334836 ,  0.2795626 , 69.515205  ], dtype=float32),\n",
       "  array([ 1.35894716e-02,  3.36754322e-01, -1.00487471e-02,  3.68798763e-01,\n",
       "         -2.42591500e-02,  3.93574387e-01, -2.21651196e-02,  4.49653149e-01,\n",
       "          2.48487294e-02,  4.82545167e-01,  1.81094408e-02,  3.81692737e-01,\n",
       "          5.53301871e-02,  4.28671241e-01,  9.49089825e-02,  4.68954176e-01,\n",
       "          1.04578435e-02,  4.95441377e-01,  3.48821282e-03,  5.22241175e-01,\n",
       "          2.35668719e-02,  6.18736446e-01, -6.10178709e-03,  6.18540525e-01,\n",
       "          2.80782282e-02,  5.13269126e-01,  8.86218548e-02,  5.87730646e-01,\n",
       "          1.42590970e-01,  6.75386608e-01, -6.42418861e-04,  3.29871535e-01,\n",
       "          1.06532276e-02,  3.25550318e-01, -2.35444307e-02,  3.38866532e-01,\n",
       "          1.22556090e-03,  3.29611182e-01,  1.77674681e-01,  6.73266292e-01,\n",
       "          1.82298690e-01,  6.70978069e-01,  1.39555603e-01,  6.87874019e-01,\n",
       "          1.13689005e-02,  6.66100800e-01, -1.00277066e-02,  6.61165774e-01,\n",
       "         -1.54391527e-02,  6.08981788e-01, -1.07174516e-02,  6.12751007e-01,\n",
       "          2.18331516e-02,  6.06228292e-01, -2.01155543e-02,  4.98393178e-01,\n",
       "          3.09314132e-02,  4.81966853e-01,  8.48609209e-02,  5.77459753e-01,\n",
       "          1.35560721e-01,  6.69560373e-01,  2.69762576e-02,  4.75300133e-01,\n",
       "         -2.07377076e-02,  4.41603065e-01, -2.43487954e-02,  3.85904133e-01,\n",
       "          1.15498602e-02,  3.75602126e-01,  6.06864393e-02,  4.18750495e-01,\n",
       "          9.34342146e-02,  4.63939101e-01, -7.51864910e-03,  3.68046194e-01,\n",
       "         -1.10412836e-02,  3.20683718e-01,  5.42405248e-03,  4.90164846e-01,\n",
       "         -5.85079193e-03,  3.81561071e-01, -5.29474020e-03,  4.30088878e-01,\n",
       "          2.85279751e-03,  3.45386326e-01, -1.47297978e-02,  3.16634685e-01,\n",
       "          1.07550025e-02,  5.52216709e-01, -1.92738557e+00,  2.05708176e-01,\n",
       "          7.69435577e+01, -1.92738557e+00,  2.05708176e-01,  7.69435577e+01,\n",
       "         -1.92738557e+00,  2.05708176e-01,  7.69435577e+01], dtype=float32)],\n",
       " 'pose': [array([ 9.63024974e-01, -2.18945503e-01, -1.56989381e-01, -2.05479532e-01,\n",
       "         -9.73781824e-01,  9.76068377e-02, -1.74243987e-01, -6.17397316e-02,\n",
       "         -9.82765019e-01,  9.92364228e-01, -8.86681899e-02, -8.57388079e-02,\n",
       "          1.20688818e-01,  5.54649889e-01,  8.23284566e-01, -2.54441444e-02,\n",
       "         -8.27345908e-01,  5.61115980e-01,  9.89558101e-01, -1.24595404e-01,\n",
       "         -7.24619552e-02,  1.27808854e-01,  9.90929067e-01,  4.15261537e-02,\n",
       "          6.66306987e-02, -5.03538251e-02,  9.96506274e-01,  9.82150257e-01,\n",
       "          1.67228356e-01,  8.61133561e-02, -1.25792846e-01,  9.24321830e-01,\n",
       "         -3.60284984e-01, -1.39846325e-01,  3.43021572e-01,  9.28859055e-01,\n",
       "          9.79684591e-01,  1.93363518e-01,  5.31851836e-02, -8.49348381e-02,\n",
       "          6.40304446e-01, -7.63410985e-01, -1.81670517e-01,  7.43384659e-01,\n",
       "          6.43719673e-01,  9.86719251e-01, -1.11676201e-01,  1.17955923e-01,\n",
       "          1.53216898e-01,  3.98733079e-01, -9.04177248e-01,  5.39421365e-02,\n",
       "          9.10241902e-01,  4.10548300e-01,  9.96337175e-01,  6.18876480e-02,\n",
       "         -5.90097532e-02, -5.88735119e-02,  9.96935189e-01,  5.15186265e-02,\n",
       "          6.20172657e-02, -4.78558093e-02,  9.96927142e-01,  9.46931899e-01,\n",
       "          2.17971295e-01,  2.36238167e-01, -1.92255259e-01,  9.73067045e-01,\n",
       "         -1.27194032e-01, -2.57600248e-01,  7.50260726e-02,  9.63334322e-01,\n",
       "          9.78506863e-01, -9.58022487e-04, -2.06212088e-01,  3.64871137e-02,\n",
       "          9.85015750e-01,  1.68560535e-01,  2.02960670e-01, -1.72461718e-01,\n",
       "          9.63879645e-01,  9.98705566e-01,  4.82463613e-02, -1.61092225e-02,\n",
       "         -5.02835549e-02,  9.84210432e-01, -1.69710010e-01,  7.66697247e-03,\n",
       "          1.70300364e-01,  9.85362411e-01,  9.07180727e-01, -4.12800580e-01,\n",
       "         -8.13558325e-02,  4.18703616e-01,  8.66743207e-01,  2.71004707e-01,\n",
       "         -4.13562693e-02, -2.79914230e-01,  9.59133863e-01,  9.92086768e-01,\n",
       "          1.23081192e-01, -2.47975793e-02, -1.10759713e-01,  9.50957835e-01,\n",
       "          2.88810551e-01,  5.91286048e-02, -2.83778548e-01,  9.57065105e-01,\n",
       "          9.87707794e-01, -7.85560831e-02, -1.35138169e-01,  1.06396966e-01,\n",
       "          9.71227407e-01,  2.13065550e-01,  1.14512317e-01, -2.24824786e-01,\n",
       "          9.67647016e-01,  9.60481286e-01,  2.51739085e-01,  1.18756883e-01,\n",
       "         -2.36474440e-01,  9.63049531e-01, -1.28901094e-01, -1.46818191e-01,\n",
       "          9.57241058e-02,  9.84520912e-01,  9.82071400e-01, -9.58756208e-02,\n",
       "         -1.62307054e-01,  9.72235128e-02,  9.95262504e-01,  3.63700208e-04,\n",
       "          1.61503255e-01, -1.61372442e-02,  9.86740232e-01,  9.84176159e-01,\n",
       "         -6.99625239e-02, -1.62796140e-01,  6.81010708e-02,  9.97533679e-01,\n",
       "         -1.69937797e-02,  1.63583562e-01,  5.63828088e-03,  9.86513376e-01,\n",
       "          7.12616086e-01,  7.01532543e-01, -5.50819002e-03, -6.80305004e-01,\n",
       "          6.89092934e-01, -2.49671817e-01, -1.71357244e-01,  1.81667417e-01,\n",
       "          9.68314826e-01,  7.25009382e-01, -6.80919111e-01,  1.03492245e-01,\n",
       "          6.88618004e-01,  7.19468653e-01, -9.03885439e-02, -1.29121402e-02,\n",
       "          1.36799157e-01,  9.90514696e-01,  2.55436152e-01, -2.92730540e-01,\n",
       "         -9.21445072e-01,  5.98257035e-02,  9.56021428e-01, -2.87130475e-01,\n",
       "          9.64973092e-01,  1.82173643e-02,  2.61715233e-01, -3.26798856e-01,\n",
       "          4.21697110e-01,  8.45797837e-01, -1.79827273e-01,  8.50840509e-01,\n",
       "         -4.93692786e-01, -9.27827895e-01, -3.13435793e-01, -2.02221066e-01,\n",
       "          9.67832088e-01, -2.25448981e-01, -1.11686230e-01,  2.18666986e-01,\n",
       "          9.73299384e-01, -6.98067248e-02,  1.24442004e-01,  4.31390926e-02,\n",
       "          9.91288602e-01,  9.52759326e-01,  2.56893367e-01,  1.62035257e-01,\n",
       "         -2.57760584e-01,  9.66076195e-01, -1.60132814e-02, -1.60652086e-01,\n",
       "         -2.65095010e-02,  9.86655116e-01,  9.70432281e-01,  2.32686475e-01,\n",
       "         -6.41744062e-02, -2.16271862e-01,  9.56274986e-01,  1.96887419e-01,\n",
       "          1.07181430e-01, -1.77186757e-01,  9.78323638e-01,  9.72906947e-01,\n",
       "         -2.04606012e-01,  1.07649803e-01,  1.94607839e-01,  9.76125002e-01,\n",
       "          9.64769274e-02, -1.24819420e-01, -7.29135796e-02,  9.89496708e-01,\n",
       "          4.02556986e-01,  4.18079674e-01,  3.97359699e-01,  1.65968537e+00,\n",
       "         -2.24477768e-01, -8.29835162e-02,  1.32631451e-01,  2.77906567e-01,\n",
       "         -6.64671659e-02,  1.61560908e-01,  2.21534982e-01,  1.66776001e-01,\n",
       "          3.34199786e-01], dtype=float32),\n",
       "  array([ 8.27293992e-01, -1.04978740e-01, -5.51873267e-01, -1.01745121e-01,\n",
       "         -9.94137585e-01,  3.65848020e-02, -5.52478552e-01,  2.58840267e-02,\n",
       "         -8.33125114e-01,  9.94254231e-01,  8.25110525e-02,  6.81943968e-02,\n",
       "         -9.15460512e-02,  9.85594809e-01,  1.42204881e-01, -5.54785654e-02,\n",
       "         -1.47630721e-01,  9.87485349e-01,  9.82735872e-01, -1.64465547e-01,\n",
       "          8.47427398e-02,  1.62614733e-01,  9.86282349e-01,  2.83461604e-02,\n",
       "         -8.82422403e-02, -1.40763680e-02,  9.95999575e-01,  9.93450165e-01,\n",
       "         -5.14430553e-03, -1.14150830e-01, -8.57207924e-03,  9.92815912e-01,\n",
       "         -1.19344428e-01,  1.13944702e-01,  1.19541235e-01,  9.86269057e-01,\n",
       "          9.94105935e-01,  1.03341796e-01,  3.27698290e-02, -7.67284930e-02,\n",
       "          8.84203553e-01, -4.60756958e-01, -7.65906423e-02,  4.55526829e-01,\n",
       "          8.86921287e-01,  9.94491160e-01,  2.01517195e-02,  1.02865249e-01,\n",
       "          2.09015179e-02,  9.23514366e-01, -3.82994086e-01, -1.02715507e-01,\n",
       "          3.83034259e-01,  9.18005645e-01,  9.82812285e-01,  1.15582027e-01,\n",
       "         -1.43947423e-01, -9.84309018e-02,  9.87752080e-01,  1.21066995e-01,\n",
       "          1.56177521e-01, -1.04817256e-01,  9.82151747e-01,  9.74257529e-01,\n",
       "          3.41751650e-02,  2.22832516e-01, -2.08492950e-02,  9.97865617e-01,\n",
       "         -6.18833378e-02, -2.24471763e-01,  5.56444004e-02,  9.72890615e-01,\n",
       "          9.75715756e-01,  5.52161895e-02, -2.11966902e-01, -3.87490131e-02,\n",
       "          9.95954633e-01,  8.10730234e-02,  2.15585962e-01, -7.08907172e-02,\n",
       "          9.73908186e-01,  9.92527306e-01,  9.35325474e-02, -7.83659220e-02,\n",
       "         -8.34530517e-02,  9.88856852e-01,  1.23278908e-01,  8.90232697e-02,\n",
       "         -1.15817808e-01,  9.89273012e-01,  9.98736203e-01, -5.00054434e-02,\n",
       "          5.05251670e-03,  4.97225001e-02,  9.97712493e-01,  4.57986742e-02,\n",
       "         -7.33114127e-03, -4.54895645e-02,  9.98937964e-01,  9.98271465e-01,\n",
       "          4.58792299e-02,  3.67309265e-02, -4.58095782e-02,  9.98946488e-01,\n",
       "         -2.73618032e-03, -3.68177593e-02,  1.04882277e-03,  9.99321461e-01,\n",
       "          9.22845185e-01,  8.67939591e-02,  3.75264525e-01, -1.24926008e-01,\n",
       "          9.89058971e-01,  7.84593746e-02, -3.64348948e-01, -1.19286165e-01,\n",
       "          9.23591137e-01,  3.90694350e-01,  2.34585181e-01, -8.90127957e-01,\n",
       "         -5.20283766e-02,  9.71064985e-01,  2.33079150e-01,  9.19048965e-01,\n",
       "         -4.47507873e-02,  3.91594678e-01,  8.95657182e-01,  4.42034304e-02,\n",
       "          4.42542881e-01, -1.03193924e-01,  9.88547623e-01,  1.10111795e-01,\n",
       "         -4.32607383e-01, -1.44290164e-01,  8.89961302e-01,  9.39971745e-01,\n",
       "          2.68003624e-02,  3.40198249e-01,  6.02482967e-02,  9.68218327e-01,\n",
       "         -2.42741719e-01, -3.35891694e-01,  2.48666734e-01,  9.08483207e-01,\n",
       "          2.97930092e-01,  5.81179917e-01, -7.57276475e-01, -3.95538658e-01,\n",
       "          7.97155499e-01,  4.56171423e-01,  8.68784666e-01,  1.63624927e-01,\n",
       "          4.67375726e-01,  7.42606282e-01, -4.85793918e-01,  4.61020827e-01,\n",
       "          4.58506376e-01,  8.70528579e-01,  1.78750724e-01, -4.88167852e-01,\n",
       "          7.86395743e-02,  8.69199574e-01,  4.74916965e-01, -1.93191111e-01,\n",
       "         -8.58563364e-01,  3.29527050e-01,  9.43667412e-01, -3.00620496e-02,\n",
       "          8.16006005e-01, -2.68642873e-01,  5.11825383e-01,  3.12537961e-02,\n",
       "          1.96850210e-01,  9.79935348e-01, -4.23777491e-01,  8.90540957e-01,\n",
       "         -1.65376768e-01, -9.05227005e-01, -4.10105824e-01,  1.11253470e-01,\n",
       "          9.84248281e-01, -1.23607457e-01, -1.26398265e-01,  1.32661998e-01,\n",
       "          9.88968849e-01,  6.58903494e-02,  1.16859384e-01, -8.16207081e-02,\n",
       "          9.89788890e-01,  9.92901623e-01,  2.46390719e-02,  1.16357893e-01,\n",
       "         -4.78839390e-02,  9.78330135e-01,  2.01437742e-01, -1.08873203e-01,\n",
       "         -2.05579564e-01,  9.72565413e-01,  9.93351936e-01,  1.14855818e-01,\n",
       "         -7.74246873e-03, -1.14536151e-01,  9.92851198e-01,  3.35821621e-02,\n",
       "          1.15442276e-02, -3.24721187e-02,  9.99405801e-01,  9.81574059e-01,\n",
       "         -1.75770327e-01,  7.49472901e-02,  1.74071506e-01,  9.84315395e-01,\n",
       "          2.86779087e-02, -7.88124874e-02, -1.51033038e-02,  9.96775091e-01,\n",
       "          1.98225766e-01,  4.43329424e-01, -4.10932302e-02, -2.10535496e-01,\n",
       "          1.77710652e-02,  1.33062482e-01, -8.68255794e-02,  5.12115955e-02,\n",
       "          7.27327913e-02, -1.74568176e-01,  1.73348355e+00,  2.79562593e-01,\n",
       "          3.47576022e-01], dtype=float32),\n",
       "  array([ 7.08147526e-01, -2.65096009e-01,  6.54408991e-01, -2.68538326e-01,\n",
       "         -9.58310306e-01, -9.76140052e-02,  6.53003991e-01, -1.06608778e-01,\n",
       "         -7.49813497e-01,  9.91047263e-01, -6.10199347e-02, -1.18751317e-01,\n",
       "          1.06427453e-01,  8.98104668e-01,  4.26709890e-01,  8.06132928e-02,\n",
       "         -4.35528070e-01,  8.96558344e-01,  9.84494746e-01, -3.66217159e-02,\n",
       "         -1.71548590e-01,  3.69446948e-02,  9.99316514e-01, -1.31053757e-03,\n",
       "          1.71479300e-01, -5.04759280e-03,  9.85174835e-01,  9.80613530e-01,\n",
       "          1.11583292e-01,  1.61078736e-01, -6.99329972e-02,  9.67185676e-01,\n",
       "         -2.44256496e-01, -1.83047995e-01,  2.28256494e-01,  9.56238687e-01,\n",
       "          9.92558241e-01, -1.01288781e-01, -6.75913468e-02,  9.35288519e-02,\n",
       "          9.89578187e-01, -1.09487243e-01,  7.79767483e-02,  1.02350749e-01,\n",
       "          9.91687417e-01,  9.66222525e-01, -2.11874470e-01,  1.46708220e-01,\n",
       "          1.78749561e-01,  1.40905738e-01, -9.73752618e-01,  1.85641304e-01,\n",
       "          9.67085719e-01,  1.74018770e-01,  9.96095598e-01,  4.49123122e-02,\n",
       "          7.60031492e-02, -4.61902991e-02,  9.98817921e-01,  1.51406135e-02,\n",
       "         -7.52333030e-02, -1.85921062e-02,  9.96992648e-01,  9.45285738e-01,\n",
       "          2.05010667e-01,  2.53782392e-01, -1.78809837e-01,  9.76217806e-01,\n",
       "         -1.22580044e-01, -2.72877097e-01,  7.04943761e-02,  9.59462702e-01,\n",
       "          9.75829184e-01,  5.78561760e-02, -2.10737139e-01, -1.54947396e-02,\n",
       "          9.80208755e-01,  1.97359264e-01,  2.17984855e-01, -1.89323589e-01,\n",
       "          9.57412779e-01,  9.96277332e-01,  1.08957652e-03,  8.61992985e-02,\n",
       "         -7.05686118e-03,  9.97594953e-01,  6.89522624e-02, -8.59168619e-02,\n",
       "         -6.93038777e-02,  9.93888915e-01,  9.15146351e-01, -3.84183019e-01,\n",
       "         -1.22108623e-01,  3.94737810e-01,  9.15469587e-01,  7.80862346e-02,\n",
       "          8.17873254e-02, -1.19661234e-01,  9.89440203e-01,  9.97329354e-01,\n",
       "         -2.84330640e-02, -6.72735050e-02,  3.92615981e-02,  9.85416532e-01,\n",
       "          1.65568113e-01,  6.15848154e-02, -1.67767212e-01,  9.83901143e-01,\n",
       "          9.89511430e-01, -7.95964226e-02, -1.20547518e-01,  9.34085846e-02,\n",
       "          9.89121914e-01,  1.13634087e-01,  1.10191323e-01, -1.23702385e-01,\n",
       "          9.86182451e-01,  9.49934065e-01,  1.40414432e-01, -2.79122084e-01,\n",
       "         -1.37944117e-01,  9.90027726e-01,  2.85765678e-02,  2.80351132e-01,\n",
       "          1.13573959e-02,  9.59830403e-01,  9.44015086e-01, -1.24390073e-01,\n",
       "          3.05553049e-01,  1.28939480e-01,  9.91638124e-01,  5.33175748e-03,\n",
       "         -3.03661287e-01,  3.43645923e-02,  9.52160120e-01,  9.93506670e-01,\n",
       "         -6.33041654e-03, -1.13598049e-01, -6.19463390e-03,  9.93960083e-01,\n",
       "         -1.09567024e-01,  1.13605537e-01,  1.09559260e-01,  9.87466753e-01,\n",
       "          7.07007766e-01,  6.01409316e-01, -3.72084379e-01, -6.81218505e-01,\n",
       "          7.20463455e-01, -1.29898921e-01,  1.89950764e-01,  3.45310330e-01,\n",
       "          9.19064403e-01,  7.24282563e-01, -6.66353703e-01,  1.77165315e-01,\n",
       "          6.68649435e-01,  7.41510272e-01,  5.54116406e-02, -1.68293655e-01,\n",
       "          7.83277974e-02,  9.82620001e-01,  6.58130586e-01, -7.08125681e-02,\n",
       "         -7.49566317e-01, -1.59184217e-01,  9.59974110e-01, -2.30456233e-01,\n",
       "          7.35883474e-01,  2.70989448e-01,  6.20516062e-01,  7.50944674e-01,\n",
       "          1.14957176e-01,  6.50282145e-01, -8.25613551e-03,  9.86288726e-01,\n",
       "         -1.64822385e-01, -6.60313487e-01,  1.18403681e-01,  7.41597354e-01,\n",
       "          9.96038556e-01, -5.13227433e-02, -7.26173893e-02,  4.31531779e-02,\n",
       "          9.93004203e-01, -1.09911293e-01,  7.77503178e-02,  1.06342204e-01,\n",
       "          9.91285205e-01,  9.96123075e-01,  6.88109249e-02,  5.48080578e-02,\n",
       "         -6.25374466e-02,  9.92079020e-01, -1.08941630e-01, -6.18702993e-02,\n",
       "          1.05091713e-01,  9.92536068e-01,  9.74104345e-01,  1.99579597e-01,\n",
       "         -1.06248878e-01, -1.78969219e-01,  9.67785776e-01,  1.77089900e-01,\n",
       "          1.38169661e-01, -1.53488740e-01,  9.78442907e-01,  9.89636302e-01,\n",
       "         -1.38214007e-01,  3.89479063e-02,  1.30670473e-01,  9.79258478e-01,\n",
       "          1.54848143e-01, -5.95422573e-02, -1.48154005e-01,  9.87170219e-01,\n",
       "          9.76752341e-02,  3.14508229e-01,  1.50571555e-01, -7.64176250e-02,\n",
       "         -2.98504829e-02,  1.41851395e-01,  7.42131174e-02, -4.25667167e-02,\n",
       "          3.83650512e-02, -1.02567792e-01, -1.92738557e+00,  2.05708176e-01,\n",
       "          3.84717792e-01], dtype=float32)],\n",
       " 'center': [array([712.80225, 350.58038], dtype=float32),\n",
       "  array([1190.5444,  310.5191], dtype=float32),\n",
       "  array([117.566895, 407.8372  ], dtype=float32)],\n",
       " 'scale': [0.4673162460327148, 0.32543172836303713, 0.35872387886047363],\n",
       " 'size': [[720, 1280], [720, 1280], [720, 1280]],\n",
       " 'img_path': ['/scratch/izar/cizinsky/thesis/output/modric_vs_ribberi/preprocess/images/frame_00086.jpg',\n",
       "  '/scratch/izar/cizinsky/thesis/output/modric_vs_ribberi/preprocess/images/frame_00086.jpg',\n",
       "  '/scratch/izar/cizinsky/thesis/output/modric_vs_ribberi/preprocess/images/frame_00086.jpg'],\n",
       " 'img_name': ['frame_00086.jpg', 'frame_00086.jpg', 'frame_00086.jpg'],\n",
       " 'class_name': [np.int64(0), np.int64(0), np.int64(0)],\n",
       " 'conf': [np.float32(0.9957175),\n",
       "  np.float32(0.98389065),\n",
       "  np.float32(0.9949238)],\n",
       " 'annotations': [[], [], []],\n",
       " 'smpl': [{'global_orient': array([[[ 0.963025  , -0.2189455 , -0.15698938],\n",
       "           [-0.20547953, -0.9737818 ,  0.09760684],\n",
       "           [-0.17424399, -0.06173973, -0.982765  ]]], dtype=float32),\n",
       "   'body_pose': array([[[ 9.92364228e-01, -8.86681899e-02, -8.57388079e-02],\n",
       "           [ 1.20688818e-01,  5.54649889e-01,  8.23284566e-01],\n",
       "           [-2.54441444e-02, -8.27345908e-01,  5.61115980e-01]],\n",
       "   \n",
       "          [[ 9.89558101e-01, -1.24595404e-01, -7.24619552e-02],\n",
       "           [ 1.27808854e-01,  9.90929067e-01,  4.15261537e-02],\n",
       "           [ 6.66306987e-02, -5.03538251e-02,  9.96506274e-01]],\n",
       "   \n",
       "          [[ 9.82150257e-01,  1.67228356e-01,  8.61133561e-02],\n",
       "           [-1.25792846e-01,  9.24321830e-01, -3.60284984e-01],\n",
       "           [-1.39846325e-01,  3.43021572e-01,  9.28859055e-01]],\n",
       "   \n",
       "          [[ 9.79684591e-01,  1.93363518e-01,  5.31851836e-02],\n",
       "           [-8.49348381e-02,  6.40304446e-01, -7.63410985e-01],\n",
       "           [-1.81670517e-01,  7.43384659e-01,  6.43719673e-01]],\n",
       "   \n",
       "          [[ 9.86719251e-01, -1.11676201e-01,  1.17955923e-01],\n",
       "           [ 1.53216898e-01,  3.98733079e-01, -9.04177248e-01],\n",
       "           [ 5.39421365e-02,  9.10241902e-01,  4.10548300e-01]],\n",
       "   \n",
       "          [[ 9.96337175e-01,  6.18876480e-02, -5.90097532e-02],\n",
       "           [-5.88735119e-02,  9.96935189e-01,  5.15186265e-02],\n",
       "           [ 6.20172657e-02, -4.78558093e-02,  9.96927142e-01]],\n",
       "   \n",
       "          [[ 9.46931899e-01,  2.17971295e-01,  2.36238167e-01],\n",
       "           [-1.92255259e-01,  9.73067045e-01, -1.27194032e-01],\n",
       "           [-2.57600248e-01,  7.50260726e-02,  9.63334322e-01]],\n",
       "   \n",
       "          [[ 9.78506863e-01, -9.58022487e-04, -2.06212088e-01],\n",
       "           [ 3.64871137e-02,  9.85015750e-01,  1.68560535e-01],\n",
       "           [ 2.02960670e-01, -1.72461718e-01,  9.63879645e-01]],\n",
       "   \n",
       "          [[ 9.98705566e-01,  4.82463613e-02, -1.61092225e-02],\n",
       "           [-5.02835549e-02,  9.84210432e-01, -1.69710010e-01],\n",
       "           [ 7.66697247e-03,  1.70300364e-01,  9.85362411e-01]],\n",
       "   \n",
       "          [[ 9.07180727e-01, -4.12800580e-01, -8.13558325e-02],\n",
       "           [ 4.18703616e-01,  8.66743207e-01,  2.71004707e-01],\n",
       "           [-4.13562693e-02, -2.79914230e-01,  9.59133863e-01]],\n",
       "   \n",
       "          [[ 9.92086768e-01,  1.23081192e-01, -2.47975793e-02],\n",
       "           [-1.10759713e-01,  9.50957835e-01,  2.88810551e-01],\n",
       "           [ 5.91286048e-02, -2.83778548e-01,  9.57065105e-01]],\n",
       "   \n",
       "          [[ 9.87707794e-01, -7.85560831e-02, -1.35138169e-01],\n",
       "           [ 1.06396966e-01,  9.71227407e-01,  2.13065550e-01],\n",
       "           [ 1.14512317e-01, -2.24824786e-01,  9.67647016e-01]],\n",
       "   \n",
       "          [[ 9.60481286e-01,  2.51739085e-01,  1.18756883e-01],\n",
       "           [-2.36474440e-01,  9.63049531e-01, -1.28901094e-01],\n",
       "           [-1.46818191e-01,  9.57241058e-02,  9.84520912e-01]],\n",
       "   \n",
       "          [[ 9.82071400e-01, -9.58756208e-02, -1.62307054e-01],\n",
       "           [ 9.72235128e-02,  9.95262504e-01,  3.63700208e-04],\n",
       "           [ 1.61503255e-01, -1.61372442e-02,  9.86740232e-01]],\n",
       "   \n",
       "          [[ 9.84176159e-01, -6.99625239e-02, -1.62796140e-01],\n",
       "           [ 6.81010708e-02,  9.97533679e-01, -1.69937797e-02],\n",
       "           [ 1.63583562e-01,  5.63828088e-03,  9.86513376e-01]],\n",
       "   \n",
       "          [[ 7.12616086e-01,  7.01532543e-01, -5.50819002e-03],\n",
       "           [-6.80305004e-01,  6.89092934e-01, -2.49671817e-01],\n",
       "           [-1.71357244e-01,  1.81667417e-01,  9.68314826e-01]],\n",
       "   \n",
       "          [[ 7.25009382e-01, -6.80919111e-01,  1.03492245e-01],\n",
       "           [ 6.88618004e-01,  7.19468653e-01, -9.03885439e-02],\n",
       "           [-1.29121402e-02,  1.36799157e-01,  9.90514696e-01]],\n",
       "   \n",
       "          [[ 2.55436152e-01, -2.92730540e-01, -9.21445072e-01],\n",
       "           [ 5.98257035e-02,  9.56021428e-01, -2.87130475e-01],\n",
       "           [ 9.64973092e-01,  1.82173643e-02,  2.61715233e-01]],\n",
       "   \n",
       "          [[-3.26798856e-01,  4.21697110e-01,  8.45797837e-01],\n",
       "           [-1.79827273e-01,  8.50840509e-01, -4.93692786e-01],\n",
       "           [-9.27827895e-01, -3.13435793e-01, -2.02221066e-01]],\n",
       "   \n",
       "          [[ 9.67832088e-01, -2.25448981e-01, -1.11686230e-01],\n",
       "           [ 2.18666986e-01,  9.73299384e-01, -6.98067248e-02],\n",
       "           [ 1.24442004e-01,  4.31390926e-02,  9.91288602e-01]],\n",
       "   \n",
       "          [[ 9.52759326e-01,  2.56893367e-01,  1.62035257e-01],\n",
       "           [-2.57760584e-01,  9.66076195e-01, -1.60132814e-02],\n",
       "           [-1.60652086e-01, -2.65095010e-02,  9.86655116e-01]],\n",
       "   \n",
       "          [[ 9.70432281e-01,  2.32686475e-01, -6.41744062e-02],\n",
